46

Table 5. Sawtimber volume by diameter group and county

 

 

 

 

 

 

 

 

 

Softwood Soft hardwood — Hard hardwood
All 10-14 16 inches 12-14 16 inches 12-14 16inches
County species Total inches | and up Total inches | and up Total inches | and up
mee eee Million board feet ---------------—

Adams 493.2 155.2 45.7 109.5 141.7 20.6 121.1 196.3 63.2 133.1
Alcorn 102.5 21.1 17.2 3.9 31.0 20.8 10.2 50.4 30.7 19.7
Amite 501.8 394.6 190.6 204.0 23.0 17.6 5.4 84.2 35.8 48.4
Attala 160.3 50.9 40.1 10.8 43.7 20.9 22.8 65.7 38.7 27.0
Benton 147.3 78.0 78.0 eee 24.6 13.1 11.5 44.7 31.9 12.8
Bolivar 240.7 39.7 12.5 27.2 143.3 23.1 120.2 57.7 11.8 45.9
Calhoun 234.6 92.1 83.8 8.3 48.7 30.5 18.2 93.8 35.4 58.4
Carroll 176.8 1S 5.2 2.3 44.7 31.6 13.1 124.6 51.9 72.7
Chickasaw 72.1 44.3 26.5 17.8 2.9 11 1.8 24.9 13.8 11.1
Choctaw 140.7 91.7 65.5 26.2 28.1 23.3 4.8 20.9 17.1 3.8
Claiborne 501.8 56.6 23.6 33.0 220.3 60.6 159.7 224.9 101.6 123.3
Clarke 735.9 597.5 382.2 215.3 65.5 42.2 23.3 72.9 36.1 36.8
Clay 192.5, 19.6 16.3 3.3 15.7 8.0 LT 157.2 93.4 63.8
Coahoma 173.6 6.5 2.2 4.3 49.0 22.3 26.7 118.1 36.8 81.3
Copiah 701.7 480.2 129.6 350.6 86.7 41.9 44.8 134.8 46.4 88.4
Covington 201.3 63.7 32.6 311 85.5 38.8 46.7 52.1 25.2 26.9
De Soto 130.3 5.6 25 3.1 41.8 17.3 24.5 82.9 35.2 47.7
Forrest 280.2 221.1 159.6 61.5 37.4 22.7 14.7 217 12.0 9.7
Franklin 768.7 606.4 307.8 298.6 45.9 15.6 30.3 116.4 54.6 61.8
George 430.2 299.2 202.3 87.9 42.8 45.1 43.1 18.4 24.7
Greene 545.7 377.1 252.9 89.3 50.3 39.0 79.3 38.4 40.9
Grenada 154.2 51.3 30.4 52.0 29.8 22.2 50.9 18.3 22.6
Hancock 220.8 166.4 125.6 49.6 36.6 13.0 48 48 Sc
Harrison 422.1 352.5 274.0 63.8 31.0 32.8 5.8 41 17
Hinds 258.3 63.4 39.3 78.0 48.7 29.3 116.9 48.6 68.3
Holmes 275.6 78.2 64.0 90.1 20.3 69.8 107.3 49,3 58.0
Humphreys 110.6 ens ae 16.2 5.0 11.2 94.4 24.1 70.3
Issaquena 308.5 16.2 1.3 14.9 69.5 6.7 62.8 222.8 45.7 177.1
Itawamba 192.3 40.3 36.5 3.8 717.6 34.1 43.5 74.4 37.2 37.2
Jackson 623.5 349.8 274.6 75.2 218.8 67.4 151.4 54.9 18.4 36.5
Jasper 755.5 512.2 280.4 231.8 147.0 57.7 89.3 96.3 44.4 51.9
Jefferson 717.7 521.2 212.8 308.4 102.0 40.4 61.6 94.5 25.2 69.3
Jefferson Davis 177.3 79.3 48.4 30.9 48.4 35.9 12.5 49.6 24.6 25.0
Jones 367.2 260.6 156.1 104.5 33.6 29.6 4.0 73.0 4l.7 25.3
Kemper 380.2 255.6 160.5 95.1 58.7 47.3 11.4 65.9 35.4 30.5
Lafayette 430.5 162.8 125.0 37.8 61.7 25.2 36.5 206.0 65.1 140.9
Lamar 388.8 318.4 235.4 83.0 52.4 30.2 22.2 18.0 7.2 10.8
Lauderdale 454.2 323.7 274.4 49.3 49.0 34.2 14.8 815 54.9 26.6
Lawrence 295.9 144.4 102.8 41.6 34.8 26.0 8.8 116.7 44.4 72.3
Leake 234.8 155.3 99.5 55.8 33.6 27.6 6.0 45.9 19.4 26.5
Lee 51.5 24.3 75 16.8 3.0 a 3.0 24.2 11.8 12.4
Leflore 80.0 me a 21.3 3.3 18.0 58.7 15.3 43.4