44

Table 4. Sawtimber volume by species group and county

 

 

 

 

 

Soft are
Softwood hardwood hardwood
All — - _ ——
County species | Total [| Pine | Other | Total | Gum | Other’ | Total | Oak | Other?
mee ee ee Million board feet --— —-- -- ---—-—-----—

Adams 493.2 155.2 155.2 141.7 47.4 943 196.3 106.6 89.7
Alcorn 102.5 21.1 17.2 3.9 310 15.0 16.0 50.4 36.1 143
Amite 501.8 3046 394.6 ‘ 23.0 19.0 4.0 84.2 70.9 13.3
Attala 160.3 50.9 45.2 5.7 43.7 348 8.9 65.7 445 21.2
Benton 147.3 78.0 78.0 ‘ 24.6 13.8 10.8 44.7 38.9 5.8
Bolivar 240.7 39.7 we 39.7 143.3 28.3 115.0 87.7 17.4 40.3
Calhoun 234.6 92.1 92.1 48.7 39.6 9.1 93.8 71.7 22.1
Carroll 176.8 15 15 44.7 37.8 69 124.6 84.0 40.6
Chickasaw 721 443 443 29 29 ie 249 19.8 5.1
Choctaw 140.7 91.7 91.7 : 28.4 16.7 114 20.9 18.0 29
Claiborne 5018 56.6 53.8 28 2203 1218 985 2249 1116 1133
Clarke 735.9 5975 596.0 15 65.5 50.3 15.2 72.9 46.0 26.9
Clay 192.5 19.6 18.0 16 15.7 15.7 1672 1169 40.3
Coahoma 173.6 65 oe 65 49.0 3.4 45.6 118.1 139 104.2
Copiah 701.7 4802 4794 8 86.7 68.6 181 1348 92.8 42.0
Covington 201.3 63.7 63.7 85.5 57.5 28.0 52.1 28.8 23.3
De Soto 130.3 5.6 5.6 41.8 32.8 9.0 82.9 36.1 46.8
Forrest 280.2 221.1 2221.1 37.4 22.7 14.7 21.7 18.6 31
Franklin 768.7 6064 606.4 45.9 25.6 203 1164 67.4 49.0
George 430.2 299.2 2814 17.8 87.9 37.0 50.9 43.1 18.4 24.7
Greene 545.7 377.1 372.5 4.6 89.3 73.1 16.2 79.3 65.6 13.7
Grenada 154.2 513 51.3 52.0 52.0 50.9 28.2 22.7
Hancock 220.8 166.4 166.4 : 49.6 33.3 16.3 4.8 48 .
Harrison 4221 3525 352.5 a 63.8 22.8 41.0 58 29 29
Hinds 258.3 63.4 61.4 2.0 78.0 56.4 216 1169 78.3 38.6
Holmes 275.6 78.2 155 2.7 90.1 62.1 28.0 107.3 78.6 28.7
Humphreys 110.6 % a vo 16.2 16.2 ee 94.4 76.6 17.8
Issaquena 308.5 16.2 . 16.2 69.5 22.7 46.8 222.8 821 140.7
Itawamba 192.3 40.3 39.9 4 776 53.7 23.9 74.4 313 43.1
Jackson 623.5 349.8 325.7 241 2188 174.0 44.8 54.9 40.3 14.6
Jasper 755.5 512.2 501.9 10.3 147.0 93.0 54.0 96.3 48.3 48.0
Jefferson 717.7 521.2 3106 2106 1020 54.6 47.4 94.5 41.3 53.2
Jefferson Davis 177.3 79.3 79.3 . 48.4 35.5 129 49.6 26.5 23.1
Jones 367.2 260.6. 260.6 33.6 28.3 5.3 73.0 52.9 20.1
Kemper 380.2 255.6 255.6 58.7 56.4 23 65.9 38.7 27.2
Lafayette 430.5 1628 162.8 61.7 55.1 66 2060 160.1 45.9
Lamar 388.8 © 318.4 318.4 “ 52.4 19.5 32.9 18.0 113 6.7
Lauderdale 454.2 323.7 323.7 49.0 40.2 88 81.5 49.1 32.4
Lawrence . 295.9 1444 «= 144.4 34.8 30.0 48 116.7 614 55.3
Leake 2348 155.3 155.3 33.6 29.7 3.9 45.9 40.3 5.6
Lee 515 24.3 24.3 3.0 La 7 24.2 16.9 13
Leflore 80.0 i : 7 21.3 21.3 a 58.7 27.5 312
Lincoln 418.5 245.8 244.3 LS 70.0 39.1 30.9 102.7 58.9 43.8
Lowndes 128.5 47.6 24.7 22.9 31.4 25.4 6.0 49.5 25.0 245