Table 2. Growing stock volume by species group and county (Continued)

 

County

Lincoln
Lowndes

Madison
Marion
Marshall
Monroe
Montgomery

Neshoba
Newton
Noxubee

Oktibbeha

Panola
Pearl River
Perry

Pike
Pontotoc
Prentiss

Quitman
Rankin

Scott
Sharkey
Simpson
Smith
Stone
Sunflower

Tallahatchie
Tate

Tippah
Tishomingo
Tunica

Union

Walthall
Warren
Washington
Wayne
Webster
Wilkinson
Winston

Yalobusha
Yazoo

All counties

 

 

 

 

 

 

 

 

 

 

 

 

Soft Hard

at Softwood hardwood hardwood

species | Total Pine Other Total Gum | Other? Total | Oak | Other
--------------- Million cubic feet ---------------

112.1 54.2 53.8 4 22.0 12.7 9.3 35.9 23.0 12.9
52.3 11.1 6.2 49 15.1 12.3 2.8 26.1 14.7 114
75.5 23.9 22.5 1.4 16.4 13.5 29 35.2 20.9 14.3
128.2 59.6 59.6 eng 25.2 20.1 5.1 43.4 29.6 13.8
73.5 12.8 11.3 1.5 29.2 14.1 15.1 31.5 23.6 79
79.7 20.8 20.8 21.3 18.1 3.2 37.6 26.9 10.7
36.9 14.5 14.5 ae 6.0 5.8 2 16.4 12.1 43
135.4 56.2 56.2 40.6 36.9 3.7 38.6 30.0 8.6
89.8 37.2 37.2 . 16.4 13.0 3.4 36.2 26.3 9.9
102.8 52.6 52.3 3 9.3 9.3 40.9 29.1 11.8
58.0 25.7 24.1 1.6 3.1 2.4 7 29.2 23.8 5.4
33.7 7 as ne 14.0 10.4 3.6 19.0 11.5 75
156.2 91.0 91.0 te 53.6 24.3 29.3 11.6 9.7 1.9
152.4 113.4 112.9 5 22.5 17.0 5.5, 16.5 14.5 2.0
T7.7 25.0 25.0 20.5 18.7 1.8 32.2 23.9 8.3
38.7 14.2 14.2 ase 4.5 43 2 20.0 10.0 10.0
31.8 8.0 79 A 6.9 6.0 9 16.9 13.4 3.5
24.6 1.8 1.8 11.2 8.4 2.8 11.6 5.0 6.6
188.0 81.7 78.9 2.8 27.0 25.7 1.3 79.3 57.3 22.0
140.3 100.7 100.7 a 14.7 13.5 1.2 24.9 17.6 73
49.0 2.5, ee 2.5 9.9 9.6 3 36.6 23.7 12.9
94.7 41.3 41.3 19.3 17.4 1.9 34.1 23.3 10.8
132.0 81.8 81.8 me 24.4 20.7 3.7 25.8 20.7 5.1
100.7 61.6 60.3 1.3 28.7 13.0 15.7 10.4 9.9 5
8.6 2.6 2.6 6 one 6 5.4 47 a
46.6 8.5 47 3.8 11.5 11.5 of 26.6 18.0 8.6
33.4 al or ly 14.7 11.9 2.8 18.6 47 13.9
51.3 14.7 14.7 9.8 1 2.7 26.8 19.5 13
79.9 39.2 39.2 17.0 12.1 49 23.7 17.4 6.3
59.5 2.5 ae 30.6 3.2 27.4 26.4 4.0 22.4
55.7 19.3 19.3 18.4 12.8 5.6 18.0 119 6.1
48.8 14.6 12.4 2.2 24.9 18.6 6.3 9.3 73 2.0
153.5, 6.3 3.9 24 67.9 33.8 34.1 79.3 38.2 41.1
55.3 5 ee 5 27.4 78 19.6 27.4 10.3 17.1
199.6 134.5, 134.5 24.3 17.6 6.7 40.8 31.4 9.4
42.4 18.8 18.8 = 5.7 46 de 17.9 13.1 48
215.5 124.7 116.1 8.6 27.9 23.9 4.0 62.9 25.3 37.6
154.2 62.8 62.8 33.2 29.1 4.1 58.2 43.5 14.7
49.0 12.2 117 5 9.2 6.3 2.9 27.6 23.1 45
119.8 4.2 15 2.7 38.6 28.0 10.6 77.0 37.4 39.6
7,589.0 3,313.3 3,198.6 114.7 1,752.6 1,216.1 536.5 2,523.1 1,595.7 927.4

 

1Includes cottonwood, willow, yellow-poplar, and the like.
?Includes ash, hickory, sycamore, and the like.

41