40

Table 2. Growing stock volume by species group and county

 

 

 

 

 

 

 

Soft Hard
An Softwood hardwood hardwood
County species Total | Pine Other Total | Gum | Other! Total Oak Other?
~------ Million cubic feet ---------------

Adams 116.6 29.4 29.4 tee 34.6 13.7 20.9 52.6 26.6 26.0
Alcorn 42.1 9.6 9.0 6 9.3 32 4.2 23.2 16.2 7.0
Amite 129.8 85.7 85.5 2 11.3 9.5 18 32.8 27.6 5.2
Attala 68.8 22.1 21.0 11 22.6 19.0 3.6 24.1 15.2 8.9
Benton 60.4 21.7 21.6 el 11.8 1.6 4.2 26.9 19.0 79
Bolivar 60.1 LT oe 17 33.0 6.7 26.3 19.4 5.3 14.1
Calhoun 76.2 32.9 32.9 13.5 12.0 1.5 29.8 21.9 79
Carroll 67.0 4.0 4.0 23.4 19.3 41 39.6 27.2 12.4
Chickasaw 32.4 13.5 13.5 3.0 3.0 15.9 12.4 3.5
Choctaw 59.1 30.6 30.6 12.5 9.7 2.8 16.0 13.3 27
Claiborne 129.4 12.8 12.2 6 49.8 29.8 20.0 66.8 28.7 38.1
Clarke 188.9 126.6 126.3 3 25.7 20.9 48 36.6 27.3 9.3
Clay 73.5, 44 41 3 9.2 71 21 59.9 44.8 15.1
Coahoma 50.8 1.3 ne 1.3 14.1 2.3 11.8 35.4 5.5 29.9
Copiah 174.6 94.9 94.5 4 33.5 27.9 5.6 46.2 29.0 17.2
Covington 61.2 15.5 15.5 29.0 21.6 V4 16.7 10.4 6.3
De Soto 43.2 1.6 1.6 15.8 11.3 45 25.8 10.9 14.9
Forrest 82.2 58.1 58.1 16.2 10.4 5.8 79 6.0 1.9
Franklin 191.8 134.5 134.5 vee 19.7 15.2 4.5 37.6 23.0 14.6
George 125.3 75.3 71.8 3.5 31.6 16.9 14.7 18.4 9.7 8.7
Greene 141.0 84.5 83.6 9 27.7 19.6 8.1 28.8 24.0 4.8
Grenada 51.2 16.2 15.8 Ea 14.9 14.5 A 20.1 10.5 9.6
Hancock 144 43.6 43.3 3 27.8 20.3 15. 3.0 3.0 Re
Harrison 123.4 96.4 96.4 See 23.0 10.1 12.9 4.0 1.2 2.8
Hinds 82.6 15.2 14.5 7 25.2 18.9 6.3 42.2 25.0 17.2
Holmes 82.1 21.6 20.8 8 26.0 18.0 8.0 34.5 24.1 10.4
Humphreys 35.8 “ me 6.1 61 ata 29.7 24,7 5.0
Issaquena 84.0 3.1 Atte 3.1 15.1 Ss. 10.0 65.8 24.1 417
Itawamba « 716.8 22.0 21.9 a 22.8 15.5 73 32.0 16.8 15.2
Jackson 159.9 90.3 86.3 4.0 55.5 44.9 10.6 14.1 9.8 4.3
Jasper 191.2 113.7 111.9 18 41.0 29.7 11.3 36.5 19.8 16.7
Jefferson 165.9 101.3 63.4 37.9 28.7 17.9 10.8 35.9 16.8 19.1
Jefferson Davis 62.4 23.6 23.6 21.5 16.1 5.4 17.3 10.8 6.5
Jones 115.4 64.2 64.2 22.0 11.3 10.7 29.2 22.9 6.3
Kemper 143.9 69.3 68.2 1a 42.7 39.9 2.8 31.9 20.7 11.2
Lafayette 117.5 38.9 38.8 ok 21.2 17.8 34 57.4 45.1 12.3
Lamar 109.9 76.5 76.5 21.5 9.3 12.2 11.9 9.5 2.4
Lauderdale 163.5 91.7 91.7 26.3 211 5.2 45.5 30.1 15.4
Lawrence 96.7 43.6 43.6 on 14.1 12.0 21 39.0 26.2 12.8
Leake 95.5 52.4 52.3 al 15.6 13.5 2.1 27.5 24.8 2.7
Lee 14.4 5.2 5.2 1.5 7 38 LT 49 2.8
Leflore 31.0 . . “ 9.3 9.3 217 10.6 11.1