Table 3. Growing stock volume by diameter group and county (Continued)

 

 

 

 

 

 

 

 

 

 

| Softwood Soft hardwood | Hard hardwood
All 6-12 | 14 inches 6-12 | 14 inches 6-12 | 14inches
County species | Total inches | andup_ | Total inches |_ and up Total inches |_and up
--------------- Million cubic feet -— --—~-—-—--------

Lincoln 112.1 54.2 24.5 29.7 22.0 11.3 10.7 35.9 17.2 18.7
Lowndes 52.3 111 5.0 6.1 15.1 10.7 4.4 26.1 18.8 7.3
Madison 75.5 23.9 10.7 13.2 16.4 7.9 8.5 35.2 19.0 16.2
Marion 128.2 59.6 313 28.3 25.2 13.6 11.6 43.4 24.8 18.6
Marshall 73.5 12.8 7.0 5.8 29.2 15.9 13.3 31.5 11.0 20.5
Monroe 79.7 20.8 9.0 11.8 213 16.3 5.0 37.6 26.5 11.1
Montgomery 36.9 14.5 9.8 47 6.0 5.6 ah 16.4 8.6 7.8
Neshoba 135.4 56.2 38.0 18.2 40.6 27.5 13.1 38.6 22.3 16.3
Newton 89.8 37.2 30.8 6.4 16.4 11.3 5.1 36.2 16.5 1927.
Noxubee 102.8 52.6 30.2 22.4 9.3 8.0 1.3 40.9 28.2 12.7
Oktibbeha 58.0 25.7 11.1 14.6 3.1 27 4 29.2 21.6 7.6
Panola 33.7 7 7 oe 14.0 7.4 6.6 19.0 8.1 10.9
Pearl River 156.2 91.0 57.1 33.9 53.6 30.5 23.1 11.6 6.4 5.2
Perry 152.4 113.4 70.6 42.8 22.5 16.3 6.2 16.5 9:9) 6.6
Pike T.7 25.0 18.4 6.6 20.5 9.7 10.8 32.2 12.9 19.3
Pontotoc 38.7 14.2 12.2 2.0 4.5 2.8 1.7 20.0 15.4 4.6
Prentiss 31.8 8.0 7.8 2 6.9 51 1.8 16.9 12.2 4.7
Quitman 24.6 1.8 oan 1.8 11.2 2.6 8.6 11.6 6.8 48
Rankin 188.0 817 49.8 319 27.0 18.3 8.7 79.3 40.8 38.5
Scott 140.3 100.7 61.4 39.3 14.7 8.5 6.2 24.9 17.5 V4
Sharkey 49.0 2.5 me 2.5 9.9 1.9 8.0 36.6 9.3 27.3
Simpson 94.7 413 19.9 21.4 19.3 14.5 4.8 34.1 23.8 10.3
Smith 132.0 81.8 59.7 22.1 24.4 19.6 48 25.8 18.9 6.9
Stone 100.7 61.6 36.5 25.1 28.7 19.8 8.9 10.4 6.8 3.6
Sunflower 8.6 2.6 a 1.9 6 6 5.4 4,2 1.2
Tallahatchie 46.6 8.5 6.9 1.6 11.5 41 74 26.6 9.0 17.6
Tate 33.4 pe a a 14.7 6.4 8.3 18.6 13.1 5.5
Tippah 51.3 14.7 14.1 6 9.8 6.3 3.5 26.8 16.2 10.6
Tishomingo 79.9 39.2 30.4 8.8 17.0 8.2 8.8 23.7 14.5 9.2
Tunica 59.5 2.5 12 2.3 30.6 5.9 24.7 26.4 8.4 18.0
Union 55.7 19.3 16.2 3.1 18.4 12.3 6.1 18.0 9.2 8.8
Walthall 48.8 14.6 8.2 6.4 24.9 13.6 11.3 9.3 6.4 2.9
Warren 153.5 6.3 1.8 45 67.9 20.3 47.6 79.3 25.2 54.1
Washington 55.3 5 a 5 27.4 T4 20.0 27.4 9.7 17.7
Wayne 199.6 134.5 85.7 48.8 24.3 18.1 6.2 40.8 29.8 11.0
Webster 42.4 18.8 16.6 2.2 5.7 4.4 1.3 17.9 14.0 3.9
Wilkinson 215.5 124.7 52.2 72.5 27.9 15.9 12.0 62.9 24.0 38.9
Winston 154.2 62.8 41.5 21.3 33.2 16.6 16.6 58.2 35.9 22.3
Yalobusha 49.0 12.2 Tot 4.5 9.2 7.0 2.2 27.6 17.0 10.6
Yazoo 119.8 4.2 1.6 2.6 38.6 14.3 24.3 77.0 25.4 51.6
1,304.2 1,752.6 954.1 798.5 2,523.1 1,326.7 1,196.4

Total 7,589.0 3,313.3 2,009.1

 

43