42

Table 3. Growing stock volume by diameter group and county

 

 

County

Adams
Alcorn
Amite
Attala

Benton
Bolivar

Calhoun
Carroll
Chickasaw
Choctaw
Claiborne
Clarke
Clay
Coahoma
Copiah
Covington

De Soto

Forrest
Franklin

George
Greene
Grenada

Hancock
Harrison
Hinds
Holmes
Humphreys

Issaquena
Itawamba

Jackson
Jasper
Jefferson
Jefferson Davis
Jones

Kemper

Lafayette
Lamar
Lauderdale
Lawrence
Leake

Lee
Leflore

60.4

76.2
67.0
32.4
59.1
129.4
188.9
73.5
50.8
174.6
61.2

43.2

82.2
191.8

125.3
141.0
51.2

74.4
123.4
82.6
82.1
35.8

84.0
76.8

159.9
191.2
165.9

62.4
115.4

143.9

117.5
109.9
163.5
96.7
95.5
14.4

   
 
   

29.4

9.6
85.7
22.1

21.7
17

32.9
4.0
13.5
30.6
12.8
126.6
4.4
1.3
94.9
15.5

1.6

58.1
134.5

75.3

16.2

43.6
96.4
15.2
21.6

3.1
22.0

90.3
113.7
101.3

23.6

64.2

69.3

38.9
76.5
917
43.6
52.4

5.2

Softwood

6.6
V7
43.0
18.4

19.0
2.3

29.5
3.3
10.0
24.4
71
77.6
2.9

34.2
75

6

43.3
63.0

43.9

10.2

32.9
74.4

16.3

20.2

63.2
55.0
32.0
14.9
38.8

44.0

26.0
50.1
69.9
31.2
40.9

L7

 

 

 

 

 

 

 

Soft hardwood Hard hardwood
14 inches 6-12 14 inches 6-12 14 inches
and up Total inches andup_| Total inches and up
----- Million cubic feet ~ ~~ —~—-——--——-—-—~---—
22.8 34.6 10.6 24.0 52.6 17.9 34.7
19 9.3 5.2 4.1 23.2 16.7 6.5
42.7 11.3 8.2 3.1 32.8 19.7 13.1
3.7 22.6 14.4 8.2 24,1 13.2 10.9
2.7 11.8 81 3.7 26.9 21.4 5.5
5.4 33.0 8.1 24.9 19.4 8.7 10.7
3.4 13.5 61 74 29.8 14.9 14.9
7 23.4 16.3 71 39.6 19.1 20.5
3.5 3.0 24 6 15.9 11.4 45
6.2 12.5 9.3 3.2 16.0 13.9 21
57 49.8 11.6 38.2 66.8 28.2 38.6
49.0 25.7 17.0 8.7 36.6 24.5 12.1
15 9.2 7.3 1.9 59.9 37.1 22.8
1.3 14.1 6.1 8.0 35.4 15.1 20.3
60.7 33.5 19.5 14.0 46.2 22.8 23.4
8.0 29.0 14.3 14.7 16.7 V7 9.0
1.0 15.8 9.3 6.5 25.8 12.2 13.6
14.8 16.2 10.3 5.9 7.9 3.8 41
715 19.7 13.3 6.4 37.6 18.6 19.0
314 31.6 20.6 11.0 18.4 10.7 tet
36.9 27.7 15.1 12.6 28.8 18.4 10.4
6.0 14.9 6.9 8.0 20.1 11.3 8.8
10.7 27.8 21.4 6.4 3.0 2.1 2
22.0 23.0 13.5. 9.5 4.0 3.2 38
5.4 25.2 12.7 12.5 42.2 22.9 19.3
5.3 26.0 9.5 16.5 34.5 13.7 20.8
. 6.1 3.6 2.5 29.7 9.3 20.4
2.8 15.1 1.6 13.5 65.8 21.0 44.8
1.8 22.8 12.5 10.3 32.0 18.8 13.2
27.1 55.5 19.3 36.2 14.1 47 9.4
58.7 41.0 19.4 21.6 36.5 19.3 17.2
69.3 28.7 11.2 17.5 35.9 17.4 18.5
8.7 21.5 17.5 4.0 17.3 8.9 8.4
25.4 22.0 17.7 4.3 29.2 ie 117
25.3 42.7 37.4 5.3 319 21.4 10.5
12.9 21.2 11.5 9.7 57.4 20.3 37.1
26.4 21.5 11.9 9.6 11.9 8.1 3.8
21.8 26.3 20.2 6.1 45.5 33.1 12.4
12.4 14.1 ah 6.4 39.0 21.3 17.7
115 15.6 12.1 3.5 27.5 19.0 8.5
3.5 1.5 8B a 17 3.8 3.9
9.3 4.0 5.3 21.7 8.3 13.4

31.0