Table 5. Sawtimber volume by diameter group and county (Continued)

 

 

 

 

 

 

 

 

 

 

Softwood [___ Soft hardwood Hard hardwood
All 10-14 16 inches 12-14 | 16 inches 12-14 | 16inches
County species Total inches and up Total inches and up Total inches and up
----- Million board feet --——--—-----------

Lincoln 418.5 245.8 115.8 130.0 70.0 45.0 25.0 102.7 42.2 60.5
Lowndes 128.5 47.6 21.8 25.8 31.4 19.4 12.0 49.5 29.4 20.1
Madison 268.5 112.9 69.0 43.9 51.7 11.0 40.7 103.9 52.1 51.8
Marion 474.7 271.2 170.6 100.6 86.7 50.4 36.3 116.8 48.1 68.7
Marshall 257.2 49.1 31.3 17.8 88.2 41.6 46.6 119.9 49.1 70.8
Monroe 185.8 85.3 36.2 49.1 29.1 21.9 7.2 71.4 48.2 23.2
Montgomery 96.4 48.5 27.7 20.8 41 41 43.8 25.4 18.4
Neshoba 471.2 220.2 184.4 35.8 120.5 83.9 36.6 130.5 66.6 63.9
Newton 245.7 100.2 81.0 19.2 44.4 29.5 14.9 101.1 36.2 64.9
Noxubee 342.7 233.0 155.3 11.7 9.3 9.3 mee 100.4 60.6 39.8
Oktibbeha 162.0 117.0 64.4 52.6 2.5 2.5 42.5 15.2 27.3
Panola 89.5 1.0 1.0 : 31.9 10.8 21.1 56.6 21.5 35.1
Pearl River 556.2 412.6 341.0 711.6 117.9 60.2 57.7 eae 6.0 19.7
Perry 565.6 482.7 286.9 195.8 43.3 30.4 12.9 39.6 24.3 15.3
Pike 242.6 86.4 56.8 29.6 56.2 14.8 414 100.0 37.4 62.6
Pontotoc 101.3 53.8 48.4 5.4 6.9 aes 6.9 40.6 24.3 16.3
Prentiss 53.6 11.7 10.8 2 10.4 10.4 315 17.6 13.9
Quitman 774 11.5 11.5 36.2 11.3 24.9 29.7 13.3 16.4
Rankin 597.7 314.2 191.7 122.5 51.1 17.0 34.1 232.4 103.1 129.3
Scott 471.4 369.8 217.6 152.2 49.2 39.7 9.5 52.4 34.2 18.2
Sharkey 167.8 11,7 ae 11.7 33.9 11.3 22.6 122.2 24.2 98.0
Simpson 312.1 182.5 108.9 73.6 51.0 35.1 15.9 78.6 53.1 25.5
Smith 347.7 270.4 182.5 87.9 33.9 20.2 13.7 43.4 22.8 20.6
Stone 360.6 265.9 173.5 92.4 717 48.6 23.1 23.0 11.9 111
Sunflower 26.1 15.1 2.3 12.8 2.2 2.2 & 8.8 48 4.0
Tallahatchie 145.7 28.7 25.7 3.0 38.1 20.3 17.8 78.9 16.9 62.0
Tate 80.3 me e 48.4 22.8 25.6 31.9 18.5 13.4
Tippah 105.9 27.4 27.4 ee 23.6 5.1 18.5 54.9 28.3 26.6
Tishomingo 263.1 138.5 102.7 35.8 54.8 31.4 23.4 69.8 37.8 32.0
Tunica 252.5 14.3 3.7 10.6 145.4 39.7 105.7 92.8 18.7 74.1
Union 145.4 57.3 57.3 42.0 31.2 10.8 46.1 23.8 22.3)
Walthall 156.3 72.1 38.5 33.6 68.7 47.4 21.3 15.5 5.4 10.1
Warren 597.3 30.7 4.3 26.4 286.6 76.6 210.0 280.0 79.2 200.8
Washington 206.8 2.5 9 1.6 109.5 26.0 83.5 94.8 19.7 Toa
Wayne 732.5 598.2 420.0 178.2 59.5 40.6 18.9 74.8 42.7 32.1
Webster 99.3 63,1 52.0 111 88 41 47 27.4 15.2 12.2
Wilkinson 869.1 588.1 264.3 323.8 78.5 38.6 39.9 202.5 53.4 149.1
Winston 524.2 261.3 181.3 80.0 111.1 48.9 62.2 151.8 87.4 64.4
Yalobusha 107.1 32.9 14.9 18.0 10.0 6.5 3.5 64.2 36.3 27.9
Yazoo 409.0 17.7 5.3 12.4 116.3 31.4 84.9 275.0 66.6 208.4.

Total 25,546.7 13,537.4 8,402.4 5,135.0 5,052.8 2,300.8 2,752.0 6,956.5 2,895.8 4,060.7

 

47