Table 4. Sawtimber volume by species group and county (Continued)

 

 

 

 

 

 

 

 

 

 

Soft Hard
An Softwood hardwood hardwood
County species | Total L Pine | Other | Total | Gum | Other‘ | Total Oak | Other?
----------- Million board feet - - ---—----—----~~-

Madison 268.5 112.9 107.1 5.8 51.7 45.4 6.3 103.9 69.8 34.1
Marion 474.7 Ppl) Ppl} Bh 86.7 67.4 19.3 116.8 78.9 37.9
Marshall 257.2 49.1 43.8 5.3 88.2 47.1 41. 119.9 98.4 21.5
Monroe 185.8 85.3 85.3 29.1 27.1 2.0 71.4 48.5 22.9
Montgomery 96.4 48.5 48.5 41 41 43.8 29.1 14.7
Neshoba 471.2 2202 220.2 : 120.5 113.5 7.0 130.5 103.3 27.2
Newton 245.7 100.2 100.2 a 44.4 33.2 11.2 101.1 69.7 31.4
Noxubee 342.7 233.0 231.5 1.5 9.3 9.3 _ 100.4 69.2 31.2
Oktibbeha 162.0 117.0 111.8 5.2 2.5 25 42.5 34.1 8.4
Panola 89.5 1.0 ie 1.0 31.9 24.7 We 56.6 36.4 20.2
Pearl River 556.2 412.6 412.6 A, 117.9 43.0 74.9 25.7 20.6 5.1
Perry 565.6 482.7 479.9 2.8 43.3 38.5 48 39.6 32.6 7.0
Pike 242.6 86.4 86.4 56.2 50.3 5.9 100.0 69.4 30.6
Pontotoc 101.3 53.8 53.8 6.9 6.9 40.6 20.8 19.8
Prentiss 53.6 a7) 11.7 ” 10.4 8.8 31.5 26.6 49
Quitman TA 11.5 e 115 36.2 25.6 10.6 29.7 10.4 19.3
Rankin 597.7 314.2 297.1 17.1 511 49.1 2.0 232.4 160.2 12.2
Scott 471.4 369.8 369.8 oe 49.2 49.2 52.4 38.1 14.3
Sharkey 167.8 117 : 11.7 33.9 33.9 122.2 86.1 36.1
Simpson 312.1 182.5 182.5 51.0 48.9 78.6 59.7 18.9
Smith 347.7 270.4 270.4 - 33.9 29.9 43.4 34.1 9.3
Stone 360.6 265.9 261.3 46 77 30.3 41.4 23.0 22.1 9
Sunflower 26.1 15.1 ase 15.1 2.2 OG 2.2 8.8 8.8
Tallahatchie 145.7 28.7 18.3 10.4 38.1 38.1 ce 78.9 49.6 29.3
Tate 80.3 o = 48.4 34.7 13.7 31.9 4.7 27.2
Tippah 105.9 27.4 27.4 23.6 19.0 4.6 54.9 42.1 12.8
Tishomingo 263.1 138.5, 138.5 - we 54.8 43.2 11.6 69.8 52.4 17.4
Tunica 252.5 14.3 fos 14.3 145.4 10.0 135.4 92.8 7.2 85.6
Union 145.4 57.3 57.3 42.0 24.2 17.8 46.1 33.7 12.4
‘Walthall 156.3 72.1 58.2 13.9 68.7 56.5 12.2 15.5 11.4 41
Warren 597.3 30.7 24.4 6.3 286.6 125.9 160.7 280.0 136.3 143.7
Washington 206.8 2.5 Be 2.5 109.5 30.1 79.4 94.8 38.4 56.4
Wayne 732.5 598.2 598.2 59.5 44.9 14.6 74.8 53.5 21.3
Webster 99.3 63.1 63.1 ce 8.8 18 7.0 27.4 25.2 a
Wilkinson 869.1 588.1 545.2 42.9 78.5 68.4 10.1 202.5 84.6 117.9
Winston 524.2 261.3 261.3 111.1 90.7 20.4 151.8 119.1 32.7
Yalobusha 107.1 32.9 1.0 10.0 18 64.2 54.4 9.8
Yazoo 409.0 a 11.0 116.3 32.0 275.0 129.8 145.2
All counties 25,546.7 13,537.4 12,9723 565.1 5,052.8 6,956.5 4,274.6 2,681.9

 

 

1 Includes cottonwood, willow, yellow-poplar, and the like.
2Includes ash, hickory, sycamore, and the like.

 

 

 

45